#Time 0.00000000000000e+00   Step             0   Active Particles            16

#                 ParMass                  ParPosX                  ParPosY                  ParPosZ                  ParVelX                  ParVelY                  ParVelZ                  ParType  
                 ParAccX                  ParAccY                  ParAccZ                  ParTime
   1.4412753516808152e-03   8.1427103281021118e-01   2.0366148948669434e+00   7.1550345420837402e-01  -5.6753821671009064e-02  -2.0360192283987999e-02   5.4517440497875214e-02   1.0000000000000000e+00  
  8.7324464693665504e-03  -6.7778197117149830e-03   1.0629727505147457e-02   0.0000000000000000e+00
   1.4412753516808152e-03   1.3052970170974731e+00   4.3563926219940186e-01   1.4933879375457764e+00  -2.1618450991809368e-03   9.2964982613921165e-03   2.0298555493354797e-02   1.0000000000000000e+00  
  5.7456479407846928e-03   1.7230935394763947e-02   1.2757689692080021e-03   0.0000000000000000e+00
   1.4412753516808152e-03   1.5597094297409058e+00   1.3398513793945312e+00   1.2603931427001953e+00  -8.3977445960044861e-02  -5.9082031250000000e-02  -9.1126017272472382e-02   1.0000000000000000e+00  
 -1.1973250657320023e-02   4.1644159704446793e-02   6.6399335861206055e-02   0.0000000000000000e+00
   1.4412753516808152e-03   1.5257872343063354e+00   1.4906191825866699e+00   1.4962302446365356e+00  -1.6068364679813385e-01  -1.2383453547954559e-01   1.9992838799953461e-01   1.0000000000000000e+00  
 -1.2724362313747406e-01   2.6413899660110474e-01  -7.5980708003044128e-02   0.0000000000000000e+00
   1.4412753516808152e-03   1.4405255317687988e+00   1.5355604887008667e+00   1.4567887783050537e+00  -1.0420420765876770e-01   1.3837838172912598e-01  -1.3994340598583221e-01   1.0000000000000000e+00  
  3.3228945732116699e-01  -9.3806870281696320e-02   1.2045736610889435e-01   0.0000000000000000e+00
   1.4412753516808152e-03   2.1065235137939453e+00   1.5646582841873169e+00   1.0659552812576294e+00  -2.8167428448796272e-02  -2.6192069053649902e-02   1.1666191369295120e-01   1.0000000000000000e+00  
 -2.0597001537680626e-02  -2.5847598444670439e-03   1.8023151904344559e-02   0.0000000000000000e+00
   1.4412753516808152e-03   1.5200399160385132e+00   1.5242625474929810e+00   1.4756393432617188e+00   2.1159104071557522e-03   1.4780677855014801e-01  -2.3816894739866257e-02   1.0000000000000000e+00  
 -1.6906602680683136e-01  -2.1868881583213806e-01   1.3874369859695435e-01   0.0000000000000000e+00
   1.4412753516808152e-03   1.9959250688552856e+00   2.9192408919334412e-01   1.5987001657485962e+00  -1.4656193554401398e-02  -2.5932766497135162e-02   1.1626837775111198e-02   1.0000000000000000e+00  
 -7.6267071999609470e-03   1.5263969078660011e-02  -1.0079904459416866e-03   0.0000000000000000e+00
   1.4412753516808152e-03   1.2892971038818359e+00   1.4158046245574951e+00   1.5705409049987793e+00   3.9245709776878357e-02  -7.0484064519405365e-02   5.6621398776769638e-02   1.0000000000000000e+00  
  9.8261483013629913e-02   3.5275571048259735e-02  -1.1644955724477768e-02   0.0000000000000000e+00
   1.4412753516808152e-03   1.5205093622207642e+00   1.3372215032577515e+00   1.7744691371917725e+00   7.9163677990436554e-02   1.3036765158176422e-01   9.0453952550888062e-02   1.0000000000000000e+00  
 -2.3391703143715858e-03   8.9028336107730865e-02  -5.9139434248209000e-02   0.0000000000000000e+00
   1.4412753516808152e-03   5.6856620311737061e-01   1.7839134931564331e+00   2.2494859695434570e+00  -2.0166650414466858e-02   5.7015563361346722e-03  -7.2843387722969055e-02   1.0000000000000000e+00  
  1.4457833021879196e-02  -3.2006213441491127e-03  -6.0304058715701103e-03   0.0000000000000000e+00
   1.4412753516808152e-03   1.6689451932907104e+00   1.8578565120697021e+00   1.6414337158203125e+00  -1.6372840106487274e-01   7.0492401719093323e-03   2.9623443260788918e-02   1.0000000000000000e+00  
 -1.5145679935812950e-02  -5.7565655559301376e-02  -7.9064564779400826e-03   0.0000000000000000e+00
   1.4412753516808152e-03   1.5993131399154663e+00   1.5214738845825195e+00   1.6382730007171631e+00  -8.1123791635036469e-02  -1.2794420123100281e-01  -1.1709646880626678e-01   1.0000000000000000e+00  
 -9.0735852718353271e-02  -1.9667625427246094e-02  -6.4326584339141846e-02   0.0000000000000000e+00
   1.4412753516808152e-03   1.5084958076477051e+00   1.5248105525970459e+00   1.7897527217864990e+00   7.2072818875312805e-02  -5.3388871252536774e-02  -5.3974077105522156e-02   1.0000000000000000e+00  
  2.2947058081626892e-02  -4.3130893260240555e-02  -1.0688064992427826e-01   0.0000000000000000e+00
   1.4412753516808152e-03   2.0281627178192139e+00   1.6449252367019653e+00   1.7410895824432373e+00  -3.8244310766458511e-02  -4.1072916239500046e-02   1.7801018059253693e-01   1.0000000000000000e+00  
 -3.9273787289857864e-02  -7.5147747993469238e-03  -1.3877262361347675e-02   0.0000000000000000e+00
   1.4412753516808152e-03   9.2950135469436646e-01   1.8601083755493164e+00   2.7434031963348389e+00  -2.2003399208188057e-02   1.8929043784737587e-02  -7.6574836857616901e-03   1.0000000000000000e+00  
  3.5375368315726519e-03  -4.0026372298598289e-03  -1.6214430332183838e-02   0.0000000000000000e+00